image: hectormap.pgm
resolution: 0.050000
origin: [-32.910605, -28.053194, 0.000000]
negate: 0
occupied_thresh: 0.65
free_thresh: 0.196

